0.251033
0.000100055
0.449158
0.0841839
0.240852
0.471404
0.881459
0.186227
0.000118378
0.0817147
0.000141816
0.160649
0.187039
0.000134633
0.155754
0.360451
0.000114221
0.411406
0.721093
0.813597
0.516776
0.222535
0.20587
0.928239
0.000135473
0.452676
0.0477462
0.356362
0.628373
0.219016
0.474529
0.156287
0.000121555
-0.0193188
0.186595
0.283688
0.56569
0.12679
0.244757
0.35137
0.519208
0.437796
0.474931
0.999103
0.532686
0.000150446
0.000131675
0.400357
0.447005
0.152215
0.590872
0.11193
-0.0554636
0.960073
0.000116089
0.765378
0.309687
0.626608
0.808385
0.59108
-0.642319
0.517451
0.34982
0.00012789
0.0263627
-0.289207
0.165417
2.82407e-09
0.000111666
0.251381
1.06789
0.520903
0.375825
0.000136977
0.492645
0.772341
0.249944
0.000133584
0.452415
-0.239338
0.0334056
0.180058
0.743484
0.000127753
0.15712
0.000127753
0.191077
0.944488
0.000127753
0.000136701
0.000116341
0.000129741
0.776489
0.47588
0.420056
0.000151953
0.603239
1.01268
0.000153662
0.140065
0.672028
0.680157
0.471364
0.0730796
0.542922
0.384347
0.122858
0.000111551
0.143926
1.33564
0.000139061
1.10978
0.263689
0.587155
0.199204
0.254403
0.1054
-0.0160977
0.293994
0.609201
9.24277e-05
0.491559
0.000109273
0.669762
-0.126994
0.256918
0.00479686
0.249833
0.383532
-0.209746
0.829177
0.465691
0.755158
0.386348
0.718265
0.925799
-0.111287
0.000121446
0.000121446
0.783287
0.49158
0.000150292
0.405276
0.0225743
0.000150292
0.166734
1.04588
0.40724
0.000119648
0.000117123
0.691666
0.555392
-0.0895257
0.000123274
-0.036257
0.765544
0.72275
0.751895
-0.00768355
0.315381
0.000133665
0.000115077
0.80983
-0.433305
0.829413
0.000109297
0.681462
0.00013587
0.798054
0.611423
0.000122097
0.41965
0.187438
0.445977
0.340727
0.921686
0.758689
0.778711
0.248012
0.776576
0.351756
0.358225
0.000141344
0.000110985
0.714404
0.000133983
0.269195
0.166812
0.000150446
0.000110824
0.364833
0.586063
0.000144946
0.359747
0.000120346
-0.0610117
0.488981
0.377297
0.526518
0.488649
0.785218
0.000106549
0.000132639
0.999528
7.96912e-05
0.000130623
0.85015
0.231077
0.414585
0.693098
0.000131684
0.819866
0.277275
0.000141271
-0.139878
-0.126807
0.51965
0.00014204
1.05851
0.417046
0.511664
0.76662
0.000129382
0.582795
0.241007
0.57178
0.000157375
0.000143761
0.000143761
0.549574
0.214568
0.466347
0.272321
0.816913
0.00662221
0.816389
0.542664
0.000110142
-0.147804
0.269994
-0.0341488
0.401037
0.000136856
0.000136856
0.13309
0.820412
0.536803
0.413626
0.000112674
0.000122052
0.207074
0.948612
0.598726
7.92095e-05
-0.109839
0.684461
0.000121922
0.000115077
0.389495
0.417519
0.748657
0.665638
0.617182
0.820024
0.0610695
0.000122757
0.728801
0.000139379
0.537887
0.000154086
0.151789
0.098292
0.321096
0.000129671
0.371878
0.403965
0.301808
0.300031
0.000122953
0.251877
0.265243
0.58135
0.393827
0.000151531
0.000119835
-0.0518366
0.000102437
0.0916586
0.000105162
0.30182
0.670375
0.488802
0.322294
0.864504
0.210681
0.22687
0.962848
0.334079
0.670209
1.23487
0.847722
0.704086
0.448773
0.660497
0.926407
0.000134383
0.602756
0.505199
0.567568
0.000137335
0.35587
0.513769
0.238649
-0.0655305
0.381318
0.000102249
0.0040095
0.0311962
0.802493
0.550187
0.209434
-0.109116
-0.0642375
0.456658
0.603404
0.893178
0.542205
0.576561
0.841846
-0.102573
0.407923
0.00010455
0.481279
0.0939068
0.000128359
0.76438
0.181919
0.270504
0.715119
0.496974
0.195513
0.876731
0.000126086
0.174707
0.000126086
0.529669
0.734681
0.714538
1.05718
0.222544
8.25516e-05
8.25516e-05
0.129613
-0.0893619
0.526313
0.132844
0.000120981
0.461624
0.427039
0.698199
0.000126734
0.487968
7.52762e-05
0.668031
0.538457
0.567815
0.000106826
0.000136409
0.373784
0.000136409
0.273609
0.000136409
0.0769413
0.564641
0.226443
0.000149743
0.0701055
0.0311076
0.000149743
0.589283
0.440091
0.227246
0.000128335
0.17913
0.000137335
0.000108025
0.59103
0.0843631
0.723387
0.694558
0.000120815
0.834377
0.513833
0.738291
0.968622
0.478871
0.634927
0.000101396
0.540791
0.000132432
0.735963
0.0515351
-0.0280156
-0.223398
0.114485
-0.0453977
0.587191
0.000121843
0.875226
0.781165
0.562593
0.000156419
-0.0299364
0.161299
0.756004
0.645717
0.0934507
0.142071
0.781144
-0.289289
0.734446
0.000165097
0.000155025
0.103197
2.82407e-09
0.476201
0.861328
0.65702
0.000129988
0.23095
0.650206
0.000127878
0.000161056
-0.061834
0.469943
0.273676
-0.0295291
0.0330692
0.0551358
0.705419
0.000111614
-0.314465
0.000105855
0.508775
-0.0902075
-0.266569
0.547965
0.000140321
0.433121
0.58804
-0.0958654
0.000130818
0.000140673
0.397311
0.000128612
0.596219
0.462406
0.274352
0.226773
0.000120902
0.842476
0.140175
0.000143669
0.000133785
0.557742
0.771701
0.496748
-0.173245
0.0312034
0.00849176
0.425708
0.0475157
0.822749
0.000115869
0.81741
0.000159928
0.660132
0.355067
0.8514
0.000159928
0.329765
0.000107629
0.0241213
0.192621
0.327273
-0.0295628
0.0121383
0.685856
-0.0630835
0.4382
0.558528
0.477142
0.82779
0.000161027
0.000101388
0.000135978
0.869945
0.387117
0.22207
8.26369e-05
0.000112509
1.09122
0.48568
0.650416
0.0352945
0.273915
0.791224
0.000131511
-0.40657
0.708653
0.868953
0.946839
0.56404
0.162735
0.510599
-0.0519284
0.362518
0.000115916
6.1928e-05
0.000118828
0.251129
0.230759
0.767851
0.394513
0.000156542
-0.142928
0.333354
0.000156542
0.311976
0.000156542
0.000156542
0.816922
0.411073
0.342365
0.216228
0.767417
0.0261076
-0.174876
0.630694
0.000130623
0.249058
0.390476
0.640975
0.455896
0.0967689
0.782701
0.104327
-0.208763
-0.168563
0.911668
0.481743
0.921911
0.815427
0.0494196
0.76382
0.500574
0.210663
0.595136
0.000157194
0.521801
0.680481
0.000126726
0.641256
0.000120489
0.58873
0.331005
0.000120489
9.99111e-05
0.956076
0.70089
0.739471
0.00716284
0.31148
0.679615
0.361068
0.0118452
0.303294
0.000124391
0.000112929
0.689993
1.15022
0.317
0.23632
0.506782
-0.353214
0.297624
0.536844
0.000123693
0.760379
0.000123693
0.000128462
0.000128462
0.268082
0.794608
0.000122572
0.852719
9.58396e-05
9.16273e-05
-0.0129121
0.373294
-0.0458901
0.485097
0.0475614
0.000133509
0.000114687
0.241341
0.865517
0.000108171
0.000115077
0.000128486
0.146276
0.000110108
0.920031
0.213897
0.5361
0.503853
0.344384
0.705523
0.697222
0.176258
0.630077
0.539196
0.851532
0.213585
0.000125248
0.0119098
0.198044
0.856761
0.901785
0.255991
0.100046
0.0764241
-0.12402
0.000101745
0.000101745
0.0708322
0.522097
0.491239
0.000114362
1.06315
1.01496
0.749484
0.88553
0.776586
0.608507
0.531271
0.82566
0.579168
0.501321
0.000147633
0.590109
0.294855
0.21034
0.688102
0.256732
0.862893
0.719585
0.000157348
0.295574
0.53035
0.000108743
0.689991
0.525055
0.812635
0.144476
0.139976
0.000140723
0.000136152
0.00012979
0.436212
0.46269
0.000107743
0.000121061
0.000138286
0.000150446
0.000142357
-0.0371594
0.000142357
0.670618
0.249889
0.000101911
0.292301
0.234151
0.000107728
-0.0966983
0.616317
0.099113
0.000128486
0.788145
0.66839
0.161996
0.250638
-0.0593229
0.725974
-0.141021
0.356001
0.419762
0.120446
0.256323
0.706338
0.534724
0.328426
0.685553
0.68219
0.852914
0.112397
0.34837
0.625977
0.000132241
-0.00364661
0.0482114
0.328104
0.763327
0.000135303
0.412938
0.450654
0.495682
0.226032
0.000116878
0.357168
0.42293
0.497847
0.000136615
0.38074
0.000114203
0.167896
0.41366
0.694357
0.000144946
0.823754
0.236555
0.765931
0.363755
0.000124391
0.000130135
0.000128769
0.6225
0.330834
0.32266
0.348256
0.614764
0.780832
0.878853
0.813046
-0.23419
0.000110949
0.775583
0.138347
0.640586
0.000125499
0.4992
0.891515
0.434513
0.82448
0.540485
0.000107749
0.000107749
0.590173
0.765052
0.375741
0.748701
0.0550456
0.607381
0.000109228
0.28712
0.298165
0.290785
-0.0334906
8.22324e-05
0.00013231
0.000113688
0.262519
5.66192e-05
0.000149282
0.278783
0.796819
0.27405
-0.165377
0.35195
0.0681405
0.74896
0.499691
0.0935661
-0.0841395
0.000133798
0.200875
0.932807
0.493367
0.650673
0.727539
0.000127176
0.227555
0.298945
0.000102671
0.719029
0.37357
-0.0129011
0.000140617
0.190738
0.000141031
0.0371116
0.000108746
0.617318
0.417046
0.570691
0.0999651
0.000122572
-0.336927
0.906661
0.502737
0.33938
0.589129
-0.0643168
0.000106681
0.770587
0.000141268
0.695706
0.561798
0.701866
0.127311
0.0138175
0.00439821
0.000101209
0.656248
0.680518
0.000150457
0.0683497
0.791799
0.212746
0.000135226
0.266744
9.03677e-05
0.000133856
0.154458
0.000122174
0.651177
0.00013552
0.878324
0.659159
0.464522
0.000128335
0.921371
0.824944
0.148876
0.519736
-0.0947668
0.000121444
0.000108955
-0.0220347
0.218124
0.0741508
0.158738
0.469609
0.000107933
0.518005
0.91049
0.000125437
0.644276
1.07856
0.644364
0.288619
0.00373609
-0.107097
0.342137
0.140616
0.000122367
0.0132443
0.000122367
-0.104464
0.573216
-0.0953292
0.242129
0.499215
0.701239
0.645374
0.723777
0.000135473
0.924757
0.929567
0.000137325
0.371869
-0.0111981
0.214696
0.0477481
0.373796
-0.049435
0.000122572
0.000127183
0.751544
0.00011079
0.814539
0.723833
0.578859
-0.0904378
0.180095
0.236628
0.623628
0.144314
0.000112576
0.463589
0.000148148
7.8358e-05
0.000154086
0.825695
0.0961832
0.576276
0.254591
0.173907
-0.0215871
0.000107818
0.571312
0.41494
0.473317
0.413787
0.000140102
0.304368
0.528393
0.480377
1.09005
0.514725
0.178411
0.944714
0.78019
9.57191e-05
0.798716
0.580133
-0.188693
0.915056
0.955445
0.0796899
0.952354
0.955444
1.084
0.984387
0.049619
0.802519
0.000110718
0.160237
0.000113078
9.99111e-05
0.0568033
-0.0325563
0.551481
7.33054e-05
0.310801
0.000125098
0.681228
0.000157949
0.203806
0.636864
0.20211
0.553519
0.000157949
0.732073
0.61702
0.905916
0.862474
0.279821
1.00462
0.000119474
0.000129342
0.000113786
0.827271
9.44117e-05
0.000135184
9.28916e-05
0.317483
0.735986
0.000121957
0.000121957
0.000122334
0.779171
0.31844
0.670425
0.237694
0.789319
0.518554
0.637244
0.000122666
0.000122666
0.000122666
0.179429
0.288103
0.726801
0.689847
0.291102
0.000132529
0.797395
0.995019
0.628527
0.19992
0.5761
0.872125
0.19905
0.186609
0.138108
-0.14866
0.000144946
0.00012979
0.576395
0.0696143
0.662995
0.510126
0.678948
0.956109
1.02465
0.862519
0.171552
0.515764
0.308473
4.56196e-05
0.178149
0.0797901
-0.232493
0.610359
0.509478
0.358889
-0.0417176
0.753997
0.183967
0.000132903
-0.1607
0.291643
9.56256e-05
0.631913
0.871664
0.230271
0.665425
0.000121709
-0.282116
0.703994
0.237874
8.86645e-05
0.000119367
4.71784e-05
0.000101454
7.97213e-05
-0.0670014
0.513454
0.000101343
0.77143
0.329246
0.521227
0.00012387
0.000127658
0.775623
0.974153
5.12477e-05
-0.186579
0.277991
0.130111
9.70886e-05
0.000121484
0.000116093
7.01478e-05
0.000139493
0.69597
7.78501e-05
0.902873
0.149648
0.000125261
0.849765
0.000123478
0.887492
0.249908
0.598145
0.189683
-0.0256098
0.000117251
0.48508
0.2448
0.718384
0.000118524
-0.00253184
0.681086
0.252657
0.0750358
0.693282
0.631109
0.0993077
0.466021
0.317001
0.397485
0.279232
0.330469
0.253271
-0.0063184
0.106399
0.0595984
0.592066
0.000103292
0.0001092
0.929839
0.745871
0.111627
-0.373748
1.21416
0.536697
0.537265
0.58997
-0.191522
0.000136317
0.574538
0.789022
0.727187
0.604722
0.362261
0.723638
0.559516
0.000128075
-0.0668886
0.000131561
0.426652
0.273439
0.000131561
0.750626
1.03787
0.246315
0.471338
0.36432
6.77068e-05
0.692952
0.770988
0.804826
0.000120346
0.115685
0.420124
0.714147
0.710738
0.363649
0.653059
-0.0280577
0.473076
0.00014687
0.0773967
0.423371
0.718246
0.00014114
0.184205
0.380736
0.301729
0.709787
0.618626
0.540348
-0.437379
0.000138782
0.67391
0.930272
0.402448
0.000128279
0.867206
0.557357
0.42586
0.274929
0.47879
0.344134
0.443354
0.226833
0.546193
-0.162418
0.309724
0.972383
0.355321
0.813259
0.944923
-0.377304
0.223539
-0.502796
0.902789
0.881814
0.544542
0.000148148
0.778264
0.785831
0.57283
0.671714
0.0741991
0.549532
0.747871
-0.171809
-0.00944778
0.0936937
-0.132379
0.46172
0.566901
0.113115
0.000134163
0.000150457
0.00011408
0.441304
0.583929
0.187562
0.000128325
0.737947
0.272931
0.501888
0.000112509
0.000140617
0.547302
0.0949384
0.366803
0.000119474
0.663294
0.0219449
0.217582
0.000117364
0.699398
0.734657
0.263177
0.571525
0.000146062
-0.129915
0.670506
-0.13313
0.35709
0.316836
0.366354
0.14666
0.385627
-0.0281155
0.330036
0.984662
0.327749
0.606065
0.353174
0.0439356
0.000104019
0.583686
-0.139775
0.738763
0.900783
0.541156
0.00010832
0.0276441
0.373855
-0.112053
0.436365
0.671375
0.604671
0.000144946
0.00013979
0.0174044
0.580272
0.958631
0.5368
0.314104
0.00011067
0.09708
0.414586
0.161736
0.52724
0.000115924
0.144441
1.11867
-0.134626
0.289989
-0.0440144
0.544958
0.54018
-0.14524
-0.113766
0.758178
0.746512
0.363124
0.718544
0.000102437
6.82811e-05
0.000125248
0.624549
0.164345
0.604162
0.541965
0.4162
-0.13319
0.467475
0.0777472
0.0671165
-0.0825017
9.39305e-05
0.120454
0.20279
0.906724
0.234597
0.331686
0.303994
0.000125947
-0.0306892
0.000117764
0.749452
0.825546
0.238672
0.403111
0.592003
-0.178236
0.469531
0.189683
0.593103
0.470332
0.520471
0.000125726
0.38199
0.697775
9.63494e-05
0.847798
0.583929
0.460884
9.4629e-05
0.345635
0.2754
0.000147259
0.567166
0.0559583
0.000147259
1.07149
0.879077
0.669781
0.0585368
0.000126788
0.000126788
0.915563
0.180482
0.171189
0.805418
-0.0380641
0.713197
0.000147598
0.634887
0.000117476
0.802807
0.578191
0.818807
0.692144
0.944296
0.858059
0.706676
0.386174
0.000132639
0.000150446
0.00014486
0.977355
0.196953
0.177878
0.000123318
-0.11161
-0.0141444
0.000110985
0.000149117
0.156877
0.817069
-0.0375156
0.0785303
0.000115548
0.184881
0.199255
0.658439
0.647275
0.810763
0.167278
0.115646
0.16103
0.154707
0.39586
0.795411
0.366597
0.000160946
0.21369
0.606597
0.648407
0.344925
9.98266e-05
0.286584
0.218258
0.37272
0.251203
0.222344
-0.242092
0.462384
0.204795
0.431176
0.0514182
0.48231
0.281169
