2.21904
0
0.924509
1.39793
2.64876
2.20225
4.22744
1.889
0
0.248745
0
3.31747
3.16016
0
1.3488
2.6456
0
3.65154
3.16865
3.90004
1.84391
1.279
3.51466
4.68326
0
1.14434
1.17089
2.29883
0.829308
1.94794
2.63033
2.97392
-0.609416
1.02615
1.45482
1.29983
2.0709
1.63595
1.7253
2.88171
2.58969
3.62762
2.87975
4.38376
0.598309
0
-0.844165
4.7338
1.97695
2.23354
1.88368
1.67361
2.57421
3.07492
0
2.66907
1.55218
2.33154
1.38696
1.3278
3.06362
2.44948
2.53732
-0.810974
4.30443
0.695006
1.78564
0
0
2.94871
4.97432
3.0526
1.8748
-0.5799
3.50739
4.07349
0.631503
-0.973985
2.93709
1.45176
1.05071
2.05149
2.82575
-0.974724
2.09562
-0.913621
4.84859
4.53796
-0.834535
0
0
0
2.31942
2.3882
3.2073
0
3.90927
3.43216
-0.792731
1.79575
2.34132
1.46086
2.55917
1.19458
1.7189
1.83645
0.998155
0
3.36835
4.87443
-0.887532
4.34758
1.78391
2.36501
0.674758
0.418108
1.438
0.841356
1.36023
2.26499
0
1.7754
0
2.22822
0.51389
1.63023
3.30239
1.35344
1.93281
4.45501
3.55268
1.43065
3.12978
1.79193
3.08442
2.78666
3.25212
-0.658687
-0.849387
1.20618
1.55726
-0.763603
3.19006
2.081
-1.1104
1.48361
3.56657
1.01349
-0.782213
0
2.36967
3.13879
1.76703
-0.680943
1.33098
2.74787
1.87287
2.04139
1.6534
1.18736
0
0
3.893
3.76675
3.59376
0
2.53574
-0.761679
1.5955
4.23612
-0.892759
2.77741
1.33627
3.46609
3.16612
3.24591
1.86536
1.916
2.06105
2.22325
4.19861
4.45025
0
0
2.0486
0
1.86087
1.59936
0
-0.453779
2.54268
1.56613
0
2.64592
0
2.06324
4.4753
1.76624
2.46502
1.86858
3.34637
-0.805667
0
3.11165
0
0
1.62768
2.53513
1.44646
2.44049
-0.85486
0.979047
4.11429
-1.1452
2.5532
4.22605
5.32411
-0.834971
5.2129
2.52572
2.34532
3.92411
-0.697431
2.28436
3.72527
1.54936
0
-0.817746
-0.999546
3.09171
1.63256
4.66254
1.83726
3.45744
1.40921
4.0987
1.29801
0
1.46821
4.4032
2.32801
2.9612
-0.691958
-0.647279
0.483541
1.5327
1.55178
1.58422
0
-0.638427
1.39238
2.99123
0.74149
0
1.56248
2.58468
-0.546395
0
2.32522
3.17608
2.26299
1.42654
1.77271
3.3635
3.72159
0
2.21133
0
2.11038
0
1.14035
1.92018
2.27013
-0.784662
1.3259
1.38561
1.66181
1.83891
-0.737292
0.892443
2.19774
2.65469
1.94614
0
-0.967304
1.18835
0
2.21188
0
1.02061
2.11896
3.50498
0.912577
3.26978
2.87112
3.37308
4.5006
3.86486
3.08096
4.7268
5.2315
1.58717
2.46624
3.86349
4.7202
-0.893579
3.05294
1.46984
1.67477
0
1.31641
0.895346
3.18676
1.1454
1.92242
0
1.49397
2.73805
3.7282
2.56579
0.906312
2.06105
2.51849
5.17558
1.90507
3.64387
2.8827
2.49715
1.46576
0.854101
2.06071
-0.636787
2.83889
1.67909
0
3.68109
2.02942
0.635442
2.38895
1.34204
1.20127
2.61866
-0.972484
6.56239
-0.874866
4.59464
3.26565
4.13194
3.39493
1.79889
-0.472188
-0.50139
1.88601
3.22424
1.66522
0.683787
-0.525048
1.07769
0.971371
2.90246
-0.714829
3.10794
-0.475839
2.20847
1.41539
3.10675
-0.671697
-0.820926
2.42251
-1.04388
2.49447
-0.884091
1.07642
2.841
1.29463
-1.14381
1.3579
0.503989
-0.89132
4.15952
4.86215
4.42243
0
2.23085
0
0
1.90793
1.33654
2.28174
2.40074
0
2.39044
1.94967
2.38948
2.09266
1.90558
5.13295
0
1.23981
0
2.35278
2.21327
3.243
0.804997
2.11121
1.30167
3.97891
0
4.5861
4.05948
3.42964
0
4.12813
2.52522
2.08595
2.82056
2.71515
3.67767
2.11561
1.6311
2.19789
0
0
1.13591
0
1.32914
2.57523
3.34808
-0.670018
1.36239
2.81245
0
0
1.2765
2.08071
2.18084
1.98841
0.47212
1.42599
1.97144
-0.749608
3.36868
-0.668184
2.80551
0.715942
1.49514
1.59363
-0.781651
1.98906
1.59007
0.997729
0
-0.758744
0.855277
-0.703724
2.31019
2.67517
0.769813
1.95355
-0.886319
4.27683
0.961519
0
-0.781397
2.40061
1.74036
1.33956
1.33779
2.41547
3.75406
3.88995
2.93002
2.62982
-0.845158
3.96528
-0.921399
3.22252
2.23032
2.1583
-1.18087
1.79137
-0.676198
2.15143
1.09968
0.557185
2.15272
2.29433
3.19802
1.00827
2.43492
1.79285
1.15381
3.04164
0
0
0
2.91446
2.87522
1.74472
-0.492882
0
3.817
3.13347
3.75864
0.880961
2.02767
3.57702
0
3.47001
3.31819
4.86064
4.85555
2.44478
2.7806
3.11561
0.877494
2.12797
0
0
0
0.795409
3.1161
1.7897
1.63655
-0.952168
0.892599
4.0861
-0.904741
2.50596
-0.924557
-0.961295
2.94268
1.54403
1.74574
2.04936
1.27158
0.870241
0.487634
3.80799
0
1.6179
2.48666
1.6473
2.9388
2.3776
3.12094
0.778044
0.927558
3.22238
3.54355
2.35896
2.6817
2.10735
3.16559
2.99893
2.75971
1.69115
1.11794
-0.821886
2.42251
2.14052
0
0.662015
-0.612114
2.97938
2.45581
-0.654851
0
4.14073
3.92646
3.92422
1.87325
1.72505
3.54937
2.97362
0.76914
1.06277
0
-0.896632
3.7846
3.21785
3.32387
3.95782
4.51772
0.585532
1.80073
1.31402
-0.658555
2.52471
-0.830273
-0.764216
-0.610229
0.913523
4.46044
0
3.81253
0
0
0.443645
2.13486
2.31302
2.1563
2.45864
0
0
2.90443
4.3288
0
0
0
2.17624
0
2.31404
1.28561
1.99839
2.05017
1.71368
2.8795
2.94617
2.30012
3.61803
0.871772
3.35459
2.18476
0
1.18371
0.920013
3.63901
2.91822
2.87076
0.699234
1.5052
2.78084
-0.573232
-0.318256
2.00839
2.31853
2.63785
-0.841398
6.24401
5.09307
3.03866
3.42108
2.64236
2.02725
3.70227
2.9086
1.79299
0.637011
-0.662145
1.57724
0.414646
1.40068
2.23778
1.32789
4.53542
3.10236
-0.818326
4.27843
2.97786
0
2.43987
2.45321
0.500904
0.578144
2.20739
0
0
0
2.5948
2.96144
0
0
0
0
-0.789846
1.63721
-1.04031
4.4454
1.60417
-0.71107
1.01384
1.76803
0
1.58317
3.2425
2.43021
0
2.35272
1.55476
2.99107
2.1646
1.28363
4.62236
1.47627
1.6178
4.27645
1.74657
1.57192
2.90214
2.19484
1.52782
2.43947
3.75146
2.57495
1.81104
0.972875
3.09591
-0.647245
1.45633
1.16215
3.25007
3.36987
-0.879154
1.12572
3.61968
0.890498
1.07016
-0.541576
2.59075
1.60349
1.45836
-0.460329
2.78369
-0.961012
3.21843
2.22575
4.97258
0
0.637609
2.66988
1.81773
3.93559
0
0
0
2.98505
1.92537
3.01886
1.76175
2.10415
4.04238
3.74026
3.76388
0.491657
0
1.5225
2.03434
2.55245
0
1.25736
4.16757
0.892568
2.48452
2.34214
-0.76564
-0.885593
3.49391
0.66977
1.31711
1.42029
2.22439
4.54367
0
2.0024
1.15625
1.72465
0.449711
-0.408413
0
-0.640511
1.51814
-0.275443
-0.826041
0.809869
2.66192
1.42896
3.05199
2.28349
0.990553
4.20455
3.15422
1.91544
1.87559
-1.18684
1.49273
2.5731
3.14415
0.84601
2.46606
-0.679767
1.44449
1.69162
-0.887913
1.72786
1.41682
0.456133
0
1.14873
0
0.923748
0
2.2832
2.45171
2.66952
1.47093
0
3.91458
1.65542
3.54248
2.37921
1.19166
2.60936
-0.675586
2.87218
0
1.92729
1.04952
2.06739
1.62354
5.25208
3.71618
0
2.37107
3.02241
0
3.40837
4.88271
1.40666
-0.902388
1.43096
-0.40746
0
1.2241
0
2.6647
-0.652077
2.55959
3.1756
2.58388
0
3.04216
1.91669
3.31847
2.55812
2.50869
-0.54767
-0.494308
0.427352
1.44828
3.23215
1.1494
2.10927
0
2.24243
2.2372
-0.893853
2.56117
4.6976
2.61
1.21465
2.00842
2.24993
4.53658
3.08641
-0.903016
0.717007
-0.772263
0.671701
3.69048
1.94614
2.3268
2.11658
4.47998
2.23565
4.35515
0
3.22149
3.2435
-1.11533
1.31717
2.24649
0.674812
1.43124
1.55395
1.47504
0
0
4.29908
-0.780932
2.5828
1.31866
2.36559
0.800398
2.27584
1.27256
3.57097
2.71995
-0.675349
1.37422
0
0
0
3.62792
1.53408
2.14706
2.45932
1.88246
2.2503
-0.726895
3.20947
2.57039
2.07659
1.23314
-0.637668
3.14003
3.58975
2.38144
3.96626
3.9379
2.25021
2.90417
3.67121
-0.82809
3.45243
2.73545
2.79746
2.48718
1.53396
2.74334
3.2391
1.49238
5.16028
4.08009
0.998204
1.94803
-0.696923
4.23442
0
0
1.63873
1.6609
2.1968
-0.385079
2.10207
-0.767945
0.895587
-0.800452
1.09552
1.99337
1.37829
3.78914
-1.03273
4.17178
1.36831
2.46734
5.19894
2.66745
3.93521
0
0
0
2.78069
0
0
0
2.64412
2.4059
-0.795061
-0.564291
-1.0068
2.44159
3.97556
1.84767
2.12199
2.41118
0.700266
1.3147
-0.655963
-0.766979
-0.683098
4.075
2.82019
3.43421
2.1506
2.8904
-0.907533
2.69796
1.9609
2.00099
2.31608
1.80298
1.44096
2.1687
1.54215
3.78537
2.20248
0
0
2.66885
1.19009
3.26527
3.86494
3.2088
4.38352
4.02508
4.8859
0.872721
1.0907
2.96911
0
2.055
1.83965
4.79437
2.81659
2.26018
2.55912
1.44396
2.82199
2.34524
-0.868646
0.836778
1.75021
0
1.05866
2.33691
2.67291
5.73378
0
1.93409
2.51516
0.935971
0
0
0
0
0
1.94882
1.91556
-0.488235
2.40673
1.39977
1.70112
0
0
1.28717
4.80108
-0.341349
0.455655
2.64287
0.830752
0
0
0
0
0
1.18815
-0.490732
2.786
0.413377
-1.01856
4.01402
-1.22061
4.39839
1.42903
3.24059
1.13141
0.586123
0
2.07125
1.98364
1.84225
0
0.712344
2.23091
0.745613
0.730031
3.62527
3.84891
2.94977
2.93833
1.39515
0.605326
1.31175
2.6349
1.83796
2.7284
1.51571
0.856331
1.32952
0
0
3.26413
3.10028
1.2482
3.92174
4.22032
3.07764
3.36471
2.29968
1.67488
-0.7736
3.22829
3.47207
1.37958
1.99385
1.45715
2.74866
1.72952
0
6.71641
-0.866098
4.54643
0.930873
-1.11672
1.24137
3.37785
1.30416
1.62509
1.17713
-0.463868
2.39442
2.5241
3.4809
0
2.35772
1.45853
1.84296
2.26729
1.24094
0.796672
3.86609
2.94637
-0.535531
0.951041
0.881122
1.80416
-0.510394
1.25069
1.01885
3.73823
2.31414
1.5141
2.31664
3.39866
-0.858412
1.75289
2.2387
2.0436
0
3.60392
3.63993
3.17686
1.36632
1.56157
1.52695
4.1658
1.42131
1.37114
0.873207
1.11838
2.55042
1.83186
3.09544
3.79234
2.59178
4.60186
4.28192
5.06952
3.64819
3.72268
0
5.05385
3.07347
4.71086
3.03752
1.94225
1.66819
1.38587
1.14535
1.94104
1.41539
0.252017
1.98768
0.710868
2.82202
0
0
0
2.11393
1.7433
3.54457
-0.666928
2.29266
1.7134
3.62042
0
0
2.45451
2.51245
1.77778
0
3.82134
1.57067
4.35887
-0.71658
3.22733
2.51857
3.88888
4.04121
-0.595507
0.428525
2.31188
1.79718
4.82662
0.81389
1.76878
1.27452
1.35536
2.80142
1.13377
4.49731
2.1055
2.73468
1.39868
1.08279
0
3.38634
3.25294
3.15984
2.93894
2.80759
-0.608535
1.33718
2.76322
2.25058
2.14998
2.33602
3.3632
0
0
1.03171
2.37571
3.21081
1.32748
1.0561
-0.801079
1.29324
4.95969
3.88572
2.07823
-0.680874
1.75762
2.21478
1.49107
2.10229
2.40339
1.30869
1.8992
1.97266
0.539162
2.25716
1.52141
1.64478
4.37236
0
0
0
1.18897
3.59999
2.03119
1.22205
2.58629
1.76852
2.76055
1.40753
0.242689
0.560339
-0.62434
2.07419
0.911403
2.23549
1.09836
3.09774
3.56852
-0.975673
4.01556
-0.680638
4.48075
3.02822
0.987141
2.86153
4.54124
1.41335
1.60261
1.04496
1.74208
1.71514
4.60875
-0.653383
3.41455
3.96717
0
3.93915
1.73917
2.38152
-0.610432
2.13282
3.01993
-0.758991
5.09836
3.45273
-0.874596
3.88291
4.40926
0.88368
1.40758
-0.707525
-0.589023
2.3214
3.381
1.99065
4.25741
1.96801
2.19236
-0.798078
1.48401
-0.469971
2.42586
2.29926
2.90376
2.80489
3.54527
1.98548
4.0811
2.1907
0
0
0
3.37613
2.30201
2.3135
-0.69998
2.48359
2.02127
0
0
1.56682
2.82689
0.947161
2.92911
-0.967319
3.2632
1.62667
4.82084
1.06909
2.8815
0.753557
1.63977
2.18411
3.32772
3.43131
3.67346
3.06891
-0.82517
1.64184
1.68966
2.28972
3.63018
-0.752157
2.01207
1.41358
2.75276
1.56473
2.58939
1.25043
2.03526
2.40594
1.74353
0.707235
1.45262
2.16349
