2.66223
0
1.41308
1.31951
2.55579
2.21502
6.35136
1.96095
0
0.0639908
0
3.89011
4.37501
0
1.57466
2.93098
0
3.2589
4.45104
3.74686
1.88056
1.375
3.43562
4.30076
0
1.22323
1.39757
2.35735
0.433073
2.41609
2.92629
3.6896
-0.737538
1.19138
1.95297
1.61292
2.83639
1.9888
1.73996
3.29849
2.4641
3.99807
3.27965
4.28437
0.433449
0
-1.03794
4.95176
2.48283
3.09835
2.47235
1.89081
3.29605
3.24073
0
2.99296
1.43433
2.87082
2.03437
0.970509
3.20576
2.70136
3.05346
-0.856131
4.4419
0.149
2.35721
0
0
4.18866
5.53799
4.00938
2.47581
-0.598619
3.43931
4.78722
0.575666
-0.980085
3.3392
1.45575
0.908287
1.75645
3.19964
-0.758172
2.05191
-1.05871
4.57284
4.17458
-0.854074
0
0
0
2.78803
3.1148
4.26803
0
3.85739
3.11013
-0.738541
2.40061
2.81043
2.03474
2.53164
1.51129
2.52879
2.31891
1.12969
0
4.58497
6.07273
-0.65198
5.87712
2.11817
2.13586
0.39364
0.355861
0.766901
1.08498
1.2172
2.82059
0
2.04941
0
2.58533
0.560914
1.93315
3.42514
1.48936
1.98752
4.31723
4.26548
1.63448
3.14261
2.41602
4.27409
3.11861
3.60664
-0.497756
-0.759715
1.41416
1.59519
-0.512814
3.48254
2.01761
-1.126
1.69461
3.81845
0.939053
-0.839309
0
2.50493
3.89889
1.71553
-0.776643
1.58057
3.30048
1.89829
2.72349
2.01641
1.20162
0
0
4.71773
4.49774
3.96285
0
2.65227
-0.624261
2.61233
4.36975
-1.0259
4.11321
1.32725
3.56536
4.0298
4.16049
2.41353
2.73382
2.61774
3.02469
4.3286
4.8229
0
0
2.17059
0
2.51839
1.85335
0
-0.389403
2.98859
1.28829
0
3.06902
0
1.71556
4.49419
1.69972
2.32443
1.49934
2.96633
-1.01573
0
3.74935
0
0
1.60348
2.92419
1.91881
3.30603
-0.790987
0.844562
4.86261
-0.861355
2.93783
4.43975
6.69376
-0.829588
6.0136
2.90998
2.90783
4.45954
-0.562214
2.78003
4.53665
1.80179
0
-0.62299
-0.911737
3.0573
1.46931
4.65592
2.38886
3.54854
1.48637
4.55632
1.71262
0
1.18768
4.58485
2.0446
2.98315
-0.912189
-0.693047
0.562349
1.56968
1.60831
1.55267
0
-0.702419
1.32031
3.08514
0.883772
0
1.61074
2.85778
-0.562173
0
2.85583
3.73302
2.97656
1.63576
1.98028
3.02186
3.78772
0
2.96291
0
2.28334
0
1.57679
1.92325
2.60217
-0.723001
1.45841
1.90924
1.70246
2.30479
-1.02183
0.771439
2.34666
3.15281
2.59401
0
-0.930181
1.16812
0
2.46163
0
1.23306
2.0703
3.45448
0.95887
4.07587
3.03464
3.79649
4.74536
4.05647
3.72853
5.31683
6.19289
2.45762
2.86462
5.07227
5.39051
-0.9788
3.68423
1.76744
2.12275
0
1.60947
1.05276
3.43693
1.56796
2.69973
0
1.82641
3.19193
4.02592
2.84784
1.14589
2.97261
3.41944
5.15471
2.02962
3.65976
2.91895
2.94354
2.19441
0.793076
2.52426
-0.854532
3.65834
1.97997
0
3.6483
1.88917
0.523756
3.02827
1.5575
1.84385
3.4908
-0.600935
6.41388
-0.944804
4.14386
3.20202
3.88341
4.16242
1.58502
-0.546999
-0.393871
1.80491
2.54256
1.85211
0.571452
-0.696131
1.73561
1.09711
3.01565
-0.549562
4.25144
-0.456306
2.56755
1.35733
3.05857
-0.73537
-0.954136
2.89464
-1.42635
3.77328
-0.781322
1.35428
3.40835
1.41162
-1.17399
1.73682
0.65796
-1.12211
4.74581
6.0463
4.9552
0
2.51859
0
0
1.90438
1.69612
2.5143
3.27619
0
2.77419
2.1479
2.77709
2.20802
2.78718
5.9441
0
1.53703
0
2.64984
2.32187
3.0349
0.935267
2.01573
1.06475
4.24318
0
4.74041
5.00691
3.81306
0
4.44447
3.34003
3.12355
4.4047
3.0128
3.59928
1.93575
1.95449
2.8117
0
0
1.33135
0
1.60099
3.33876
3.60261
-0.590494
1.65064
2.84597
0
0
1.72183
2.44018
2.77917
2.10458
0.526165
1.3157
2.71277
-0.764021
3.50737
-0.791287
3.61378
0.937772
1.91815
2.11195
-0.777495
2.11859
2.19164
1.64587
0
-0.553442
1.11998
-0.776111
1.65806
2.12257
0.549286
1.66781
-0.861485
4.47021
1.01385
0
-1.04983
1.90917
2.09838
1.49539
1.64971
2.41726
3.92893
4.04796
3.47102
3.56011
-0.757767
4.10921
-0.828064
3.02036
2.60271
2.60037
-1.26401
2.12713
-0.632706
3.18223
1.70484
0.746217
2.67488
1.90274
3.33359
0.646721
3.36057
2.56998
1.52733
3.03424
0
0
0
3.42184
3.11618
1.8841
-0.378287
0
4.51905
4.2936
5.27869
1.53452
2.41886
3.78577
0
3.11176
3.30189
6.14192
5.61307
2.65325
3.48425
3.74089
0.817222
2.3874
0
0
0
0.976451
3.51821
2.14248
1.48518
-0.939925
0.770763
3.93396
-0.516971
2.68914
-0.833084
-0.858329
2.96073
2.24014
2.13361
2.44937
1.5022
1.12165
0.625144
4.03964
0
1.96507
2.80161
2.21847
3.30659
2.83366
3.93918
1.34277
1.63685
3.90564
3.72384
2.09746
2.96975
2.62202
4.28065
3.43326
3.40216
1.8317
0.997344
-0.685688
2.99636
2.87733
0
0.659776
-0.454686
3.77925
2.81483
-0.76113
0
5.04922
4.54671
5.18697
2.31203
2.2781
3.48575
4.1819
0.963482
1.53672
0
-0.900804
3.59096
3.3392
3.57817
4.7821
4.70899
0.22932
2.57125
1.45647
-0.987624
2.86427
-0.587366
-0.766398
-0.64411
0.966252
4.95097
0
4.67173
0
0
0.526163
2.48306
2.57244
2.45974
3.08525
0
0
3.26835
4.10538
0
0
0
2.3265
0
3.82008
1.49668
2.74006
1.65414
2.41506
3.50992
2.7735
2.41837
3.9455
0.802461
3.63026
2.61579
0
1.3295
1.34593
4.56863
3.3215
3.12438
1.06633
2.18273
3.12502
-0.52345
-0.361096
2.21591
2.42804
2.88931
-0.557872
7.26311
6.13662
3.0271
4.76575
3.20204
1.92982
3.76875
4.28694
2.12691
0.773278
-0.5528
1.67245
0.513397
1.91194
1.73368
1.24302
4.14475
2.87402
-1.01068
4.30005
2.75791
0
3.07233
3.35341
0.563543
0.431324
2.34449
0
0
0
3.04633
3.26483
0
0
0
0
-0.849513
2.19296
-1.02496
4.94078
1.68104
-0.806072
1.46665
2.06509
0
1.53754
4.03167
2.96339
0
3.05314
2.50019
3.08777
2.53273
2.07564
7.07571
1.9171
1.89859
4.99978
2.1012
1.50033
3.68163
2.16256
1.74761
2.53586
3.74227
2.81728
2.1322
1.03867
3.88935
-0.544782
2.14163
1.07411
3.02655
3.22795
-0.637636
1.1707
3.03608
1.26508
1.13225
-0.494424
2.84343
1.6592
1.29132
-0.421911
2.33051
-0.677291
3.43769
2.26084
4.74142
0
0.812758
3.58817
2.21595
4.40125
0
0
0
2.55879
1.465
3.25207
2.94703
2.32002
4.09593
4.19603
4.00252
0.580871
0
1.78854
2.16247
2.81915
0
1.41516
4.82621
0.736212
4.00421
2.79818
-0.722921
-0.766359
4.00982
0.782278
1.46653
1.89361
1.83411
5.99058
0
2.01774
1.4402
2.30946
0.682857
-0.380281
0
-0.790584
1.94677
-0.412015
-1.06305
1.05955
3.16274
1.62867
3.04636
2.71037
1.22941
4.99757
3.74213
1.82953
1.40263
-0.931878
1.43078
2.86935
3.43038
1.24856
2.96119
-0.718045
1.28871
1.90314
-0.808504
2.47067
1.63319
0.476251
0
1.9007
0
0.992794
0
3.42842
2.96342
2.60533
1.48261
0
4.47695
2.39364
3.99522
2.53623
1.58667
2.59828
-1.01203
3.76243
0
2.22611
1.36526
2.90295
1.77933
6.03993
3.96865
0
2.60945
3.5215
0
4.05652
5.13449
1.38148
-0.970848
1.38445
-0.201011
0
1.71205
0
3.34072
-1.03274
2.69092
3.56963
2.79235
0
3.61447
2.24124
3.69329
2.9808
2.87334
-0.402441
-0.488107
0.484275
2.32891
3.80637
1.33446
2.48663
0
2.75456
2.81822
-0.818144
2.67575
4.42024
3.24103
1.28461
2.33644
2.64912
5.15968
3.46352
-0.945104
0.414334
-0.939298
0.952791
4.32278
1.84211
1.78128
2.10585
4.71454
3.04216
5.4349
0
3.34345
3.62919
-1.02835
1.91155
2.95936
0.889358
2.25684
2.12345
1.99921
0
0
4.39315
-1.00189
3.03919
1.74626
2.9168
0.742364
2.45673
1.88755
3.77484
4.18526
-0.81444
1.57613
0
0
0
4.25306
1.9685
2.47695
2.72531
2.18878
2.8967
-0.619059
3.75533
3.61507
2.58878
1.85143
-0.656353
4.15599
3.72505
2.74351
3.6028
4.48865
2.55246
3.19996
4.18216
-0.895492
4.14274
3.16232
4.00789
3.4483
1.63121
3.55336
4.53626
1.99772
6.25235
4.00307
1.0987
2.4061
-0.772294
3.85039
0
0
2.57563
2.13521
2.31905
-0.333446
2.47718
-0.901731
0.984636
-0.909694
1.82052
2.0889
2.08456
3.78726
-0.898747
4.69896
1.46704
3.12605
6.15433
2.67051
3.80845
0
0
0
3.15648
0
0
0
2.59034
2.93879
-0.735016
-0.964435
-1.27192
2.97965
4.4913
2.26853
2.81141
2.7984
0.75275
1.83158
-0.531439
-0.841438
-0.627599
4.47556
3.30408
3.39206
2.65809
3.81308
-0.789449
3.39708
1.83598
2.15959
2.19085
2.15255
1.96055
2.39685
2.35894
3.66625
2.43089
0
0
3.47602
1.64664
3.427
3.99113
3.06574
5.27053
4.98188
5.46747
1.30491
1.50934
3.35917
0
2.18596
2.0315
5.47446
3.231
2.59581
2.46739
1.35287
3.08067
2.45045
-0.978566
0.983667
2.0653
0
1.35119
2.5882
3.01934
5.49276
0
2.16501
3.41176
1.19628
0
0
0
0
0
1.93782
2.22607
-0.476584
2.98787
1.69019
2.42373
0
0
1.4876
4.8728
-0.324525
0.489069
2.96238
1.26223
0
0
0
0
0
1.57472
-0.426056
2.6493
0.487754
-0.709517
3.88955
-1.13573
4.59505
1.21685
3.95643
1.2348
0.720685
0
1.7433
1.91864
1.91804
0
0.951631
2.48337
0.910134
0.669906
5.04702
4.75477
3.22164
2.98056
1.81295
0.598109
1.40456
2.90808
1.96807
2.45936
1.65967
1.16694
1.15941
0
0
3.7635
3.66458
1.28346
4.36691
4.8101
3.29463
3.90538
2.48086
1.71192
-0.503386
3.55622
4.21847
1.69951
2.08269
1.89205
3.44386
1.84047
0
7.57409
-0.83011
5.65224
1.55939
-0.86513
1.56595
4.21553
1.67973
1.34568
1.37571
-0.525726
2.79597
3.06474
4.1615
0
1.93901
1.60896
2.60447
2.87068
1.35198
1.22354
3.64852
3.80867
-0.657664
1.0027
1.14834
2.24764
-0.38224
1.86445
1.35241
4.16049
2.60375
1.55933
3.1061
3.32604
-0.546981
1.98708
2.03422
2.52114
0
3.72718
3.7871
3.77318
1.56342
2.18936
1.80815
3.96615
1.45098
1.58433
1.06728
1.23592
2.32856
2.17773
3.66475
4.97461
3.17709
5.59454
4.30679
5.11113
4.07685
4.25072
0
5.4012
4.02892
5.04881
4.04371
2.33332
2.2128
1.90775
1.30045
2.28716
0.794131
0.304031
2.64725
1.02738
3.17941
0
0
0
1.72976
2.36541
4.01306
-0.546078
2.73513
2.44109
4.34441
0
0
2.01586
2.57535
1.73955
0
4.40335
1.92672
4.56661
-0.949943
4.18424
3.37402
4.77149
5.06557
-0.726193
0.699878
2.62109
1.86828
5.55751
0.490274
1.70343
1.65085
1.93802
3.56409
1.89014
4.91538
2.3352
3.79188
2.05456
1.22475
0
3.86622
3.38242
3.96816
3.7696
3.20789
-0.678072
1.58937
3.39337
2.40421
2.357
3.54358
3.91109
0
0
1.0133
3.22768
3.30741
1.29303
0.866911
-0.698733
1.57331
5.1217
4.07505
2.19084
-0.86654
2.00865
2.66207
1.37212
2.70729
2.63479
1.66666
2.38904
1.97712
0.854185
2.46641
1.52019
1.97712
5.10054
0
0
0
1.81703
4.47118
1.79556
1.51409
3.18582
2.08415
3.10953
1.54291
0.419337
0.748228
-0.451099
2.40054
1.02455
2.94928
1.5831
4.58133
4.60707
-0.963318
4.5377
-0.551876
5.54834
3.20213
0.72852
3.84385
5.13778
1.93729
2.12884
1.40219
2.16328
1.74648
5.26118
-0.893519
3.39819
4.16916
0
4.24788
2.29897
2.58981
-0.590749
3.00707
3.25226
-1.00155
5.26672
3.85066
-0.87204
4.43956
5.18915
1.48663
1.81498
-0.977922
-0.787353
3.26469
4.79296
2.27233
4.79533
2.25106
2.62372
-0.972813
1.80447
-0.419363
2.59347
2.97833
3.59046
3.30628
3.56869
2.50503
3.36121
2.15397
0
0
0
3.67819
2.46308
2.84734
-0.666518
3.21599
2.03521
0
0
2.0422
3.02188
1.24499
3.33096
-0.677287
3.54748
1.72589
5.96419
1.55877
2.38542
0.964644
2.16158
2.38741
3.04918
3.2787
4.11258
3.07016
-0.987914
2.1278
2.18571
2.2622
4.9053
-0.798795
2.56687
1.4638
3.20536
1.61734
3.01125
1.40562
2.69149
2.83123
1.66281
0.650155
1.56273
2.39612
