2.31729
0
1.25368
1.44181
2.99281
2.76751
4.84039
1.87913
0
0.3095
0
3.72365
3.24137
0
1.53931
2.92304
0
3.49735
3.58774
4.27085
1.99145
1.31116
3.90372
4.93797
0
1.1825
1.11665
2.33141
1.32507
1.90145
2.90765
3.19393
-0.612155
1.08645
1.62287
1.40428
2.21471
1.48073
1.574
3.14605
2.71163
4.14553
2.96605
4.74756
0.70982
0
-0.93894
5.08516
2.05492
2.54605
2.06412
1.69992
2.95461
3.51968
0
2.88749
1.57379
2.37774
1.50844
1.30918
3.19452
2.52065
2.6484
-0.880343
4.3413
0.746782
1.85235
0
0
3.20832
5.1553
3.36441
2.07151
-0.520228
3.89876
4.26747
0.410877
-0.96071
3.15065
1.56926
1.0222
1.8878
3.13347
-1.17735
2.31597
-1.01169
4.89824
4.78596
-0.930435
0
0
0
2.32075
2.27656
3.24068
0
4.06424
3.43976
-0.907929
1.84387
2.33337
1.92567
2.61827
1.32816
2.12074
1.93703
1.25875
0
3.78035
5.44498
-0.716507
4.72274
1.88779
2.49477
0.71678
0.499279
1.55482
0.916467
1.39089
2.46454
0
2.07774
0
2.62874
0.547369
1.83505
3.41543
1.72043
1.6443
4.25075
3.81428
1.85579
2.94704
2.12019
3.46492
3.20406
3.07711
-0.650364
-0.912459
1.58635
2.11869
-0.797426
3.70314
2.19134
-1.12213
1.37792
3.73167
0.89936
-0.795698
0
2.31948
3.4976
1.77347
-0.803028
1.28922
2.69397
1.93445
2.30088
1.73729
1.29356
0
0
4.18571
4.68525
4.07057
0
3.02088
-0.765105
1.89392
5.18009
-1.11933
3.04599
1.55751
3.26847
3.86756
3.65378
2.01683
2.27661
2.20082
2.47941
4.54778
4.39601
0
0
2.39654
0
2.07893
1.65632
0
-0.417029
2.80173
1.6353
0
2.66298
0
2.15973
4.98908
2.01507
2.33332
2.31822
3.55843
-0.771176
0
3.42756
0
0
1.73237
2.64419
1.4851
2.85885
-0.871751
0.939481
4.93241
-0.945203
2.31849
4.18921
5.49603
-0.844728
5.54139
2.6113
2.58654
4.07638
-0.703888
2.39903
3.93722
1.74079
0
-0.677379
-0.95639
3.15566
1.37855
4.23076
2.13013
3.68357
1.39743
4.10857
1.53966
0
1.6021
4.22574
2.4243
2.76111
-0.696016
-0.723785
0.629286
1.60988
1.63257
1.71748
0
-0.642046
1.57173
2.92081
0.805998
0
1.6557
2.74313
-0.551986
0
2.51404
3.39005
2.53147
1.48151
1.84243
3.39292
3.71467
0
2.49401
0
2.42296
0
1.4062
2.2776
2.68567
-0.850523
1.55882
1.41864
1.58647
1.95615
-0.865659
0.863563
2.59917
2.8322
2.16911
0
-0.780314
1.30788
0
2.26372
0
0.957826
2.24935
3.73222
0.90384
3.5804
2.86329
3.5732
4.8168
4.27305
3.53545
5.21335
5.21088
2.13575
2.81577
3.77435
5.23637
-1.047
3.20832
1.60914
2.22869
0
1.37317
0.780079
3.62523
1.10235
2.27719
0
1.54736
2.83851
3.6666
2.47266
1.01102
2.03111
2.47538
5.28296
1.74863
4.10616
2.95958
2.71645
1.79288
0.850061
2.28752
-0.640023
3.23213
1.84269
0
3.87838
2.55314
0.550457
2.44592
1.3753
1.3535
3.01324
-0.85196
6.53002
-0.792501
4.64704
3.49024
4.18644
3.88134
2.1497
-0.486282
-0.492838
2.06872
3.33048
2.06621
0.655257
-0.553206
1.07247
0.894549
3.24046
-0.823908
3.42615
-0.520734
2.63619
1.56622
3.30105
-0.754326
-1.07735
2.54942
-1.05595
2.66612
-0.836493
1.16957
3.08947
0.906213
-1.23388
1.51607
0.491235
-0.992708
4.41918
5.31981
4.51635
0
2.37082
0
0
1.97569
1.57892
2.59226
2.4912
0
2.41824
2.0833
2.37204
2.1196
2.17918
5.50076
0
1.31489
0
2.52372
2.31233
3.57156
0.808964
2.0244
1.48485
4.05952
0
5.02973
4.35325
3.69686
0
3.86656
2.98355
2.49371
2.91067
2.68312
3.41907
2.04338
1.63157
2.51688
0
0
1.25069
0
1.13813
3.10819
3.61617
-0.728346
1.50825
2.42031
0
0
1.39086
2.08454
2.17611
2.02026
0.396866
1.70018
2.15905
-0.955912
3.52388
-0.685364
2.99767
0.855684
1.93048
1.80572
-0.840691
1.89286
1.60093
1.03242
0
-0.767183
1.19756
-0.665146
2.66327
2.762
0.71244
2.00373
-0.843078
3.72403
1.0827
0
-0.936916
2.77449
1.85961
1.28701
1.3755
2.63685
3.57356
4.11348
3.29778
2.50914
-0.922841
4.36779
-0.956696
3.35591
2.59534
2.20085
-1.20114
1.92109
-0.567584
2.59523
1.21334
0.621859
2.46747
2.53802
3.33106
1.20159
2.92938
1.76529
1.23211
3.41936
0
0
0
2.68032
3.2602
1.98022
-0.460304
0
4.24361
3.48722
3.93637
1.00837
2.11772
4.19496
0
3.59981
3.50364
5.18045
5.23331
2.69144
2.71527
3.28806
1.04014
2.17333
0
0
0
0.82826
3.41565
1.74949
1.69577
-1.08515
1.16722
4.4108
-0.780479
2.8179
-0.968648
-1.07239
3.46127
1.70796
1.71683
2.24486
1.17554
0.873908
0.529574
3.65097
0
1.86027
2.4906
1.33242
2.77944
2.50621
3.33872
0.916163
1.16348
3.81949
3.71094
2.13997
2.7989
2.29923
3.4725
2.94531
2.91272
1.53188
1.33698
-0.849949
2.67149
2.22339
0
0.453549
-0.575655
3.45863
2.54484
-0.521691
0
4.51781
4.02549
4.35544
1.83997
1.67412
3.8398
3.06688
0.760397
1.20954
0
-1.02308
3.92125
3.23643
3.43374
4.25801
4.27448
0.63314
1.86616
1.6366
-0.806244
2.72728
-0.762056
-0.737651
-0.649738
0.914195
4.37822
0
4.43881
0
0
0.763171
2.2586
2.2442
2.18029
2.80995
0
0
3.25972
4.52454
0
0
0
2.13842
0
2.46837
1.64319
2.24641
2.07512
1.93881
2.89538
2.92608
2.42083
3.70454
0.848716
3.48607
2.23665
0
1.37732
1.2784
3.9132
3.26327
3.07374
0.701665
1.78321
2.90475
-0.552547
-0.322285
2.05039
2.44425
2.99214
-0.698287
6.73912
5.01938
3.2126
3.92427
2.71943
2.21222
3.75437
3.43346
1.90994
0.535113
-0.635619
1.90908
0.442184
1.52822
2.82926
1.96512
4.24676
2.92726
-0.7885
4.35329
2.97064
0
2.78933
2.89471
0.475082
0.604227
2.17886
0
0
0
2.61836
3.30436
0
0
0
0
-0.895316
1.40751
-0.895451
4.36889
1.75209
-0.642327
1.32562
2.09349
0
1.60281
3.02568
2.52747
0
2.47083
1.54957
3.29447
2.47711
1.3005
5.03548
1.66432
1.86934
4.68204
1.78002
1.67611
3.13755
2.44182
1.85613
2.72333
4.2365
2.79915
1.81668
1.00899
3.05751
-0.720729
1.60171
0.937552
3.41851
3.95059
-0.73672
1.17038
3.59899
0.954517
1.35958
-0.522697
2.45742
1.71624
1.35092
-0.497625
3.31708
-1.06876
3.69525
2.35077
5.77788
0
0.652172
2.49478
1.65472
4.6729
0
0
0
3.22595
1.97812
2.9037
1.82738
1.94631
3.8493
3.6831
3.81589
0.415712
0
1.75002
2.32864
2.80448
0
1.34268
4.52658
1.03988
2.9036
2.4571
-0.733286
-0.949685
3.66628
0.509015
1.44886
1.42832
2.31904
4.89048
0
2.02629
1.09475
1.76255
0.481493
-0.424664
0
-0.640866
1.84032
-0.286255
-0.772957
0.846595
2.61335
1.44881
3.16246
2.76932
1.0713
4.61692
3.41325
1.99341
1.87509
-1.08075
1.65567
2.28945
3.0979
0.977565
2.60399
-0.724609
1.36756
1.74469
-1.0317
1.73029
1.34613
0.525564
0
1.34954
0
1.16994
0
2.377
2.54626
2.69782
1.44222
0
3.97219
2.01577
3.54389
2.59594
1.41346
2.83583
-0.737435
3.02725
0
1.94004
1.25118
2.13034
1.66771
5.60257
3.92617
0
2.62517
3.14773
0
3.6105
5.46267
1.36739
-0.824139
1.68299
-0.387117
0
1.3313
0
2.44089
-0.697113
2.92546
3.40153
2.85454
0
3.26116
2.20937
3.49214
2.48773
2.7808
-0.57563
-0.400251
0.402085
1.61647
3.22621
1.20841
2.26638
0
2.56023
2.39047
-0.735856
2.73248
4.87151
2.88598
1.50661
2.178
2.40569
4.82302
3.30885
-0.802404
0.69573
-0.757391
0.71915
3.98814
1.95527
2.35425
2.25532
5.28761
2.37613
4.80039
0
3.10645
3.20728
-1.08618
1.54099
2.39998
0.791471
1.66055
1.69685
1.84652
0
0
4.07566
-0.820969
2.42255
1.52411
2.53472
0.842349
2.5456
1.57169
3.81251
2.84608
-0.684867
1.43534
0
0
0
3.76726
1.51627
2.41935
2.84448
2.09725
2.07366
-0.52467
3.43203
2.85732
2.36226
1.53449
-0.63807
3.13821
3.71033
2.45805
4.03981
4.44115
2.54545
2.89728
3.87833
-0.778553
3.76505
2.64776
3.11334
2.70024
1.60849
2.58835
3.52621
1.46753
5.87169
4.50146
1.03572
2.10645
-0.755105
4.35322
0
0
2.01614
1.96098
2.4642
-0.388879
2.01721
-0.724548
1.03435
-1.03507
1.08036
2.17454
1.57118
3.94953
-0.872842
4.2374
1.38885
2.5565
5.50154
2.89149
3.98412
0
0
0
2.9851
0
0
0
2.9778
2.75742
-0.844598
-0.779142
-1.00262
2.84934
4.06301
2.11409
2.26892
2.45178
0.516149
1.81551
-0.661109
-0.8356
-0.668933
4.18304
3.09713
3.4744
2.58907
2.77975
-0.688124
2.88553
1.94022
2.15654
2.32074
1.9015
1.71146
2.28499
1.56828
3.92157
2.3848
0
0
2.90258
1.39529
3.53988
3.81715
3.48358
4.33574
4.34413
5.72808
0.990233
1.3248
3.15255
0
2.14311
1.85664
4.71149
2.99856
2.17367
2.64172
1.4285
3.01966
2.45048
-0.868335
0.747211
1.83978
0
1.30214
2.29612
2.64367
5.36766
0
1.88852
2.83589
0.984259
0
0
0
0
0
1.97471
1.89983
-0.500765
2.69293
1.4604
1.71759
0
0
1.55569
5.24069
-0.320558
0.428897
2.60796
0.948365
0
0
0
0
0
1.25794
-0.456893
2.75709
0.421425
-0.65064
4.07611
-1.17534
4.4201
1.33112
3.75513
1.20332
0.622049
0
2.06157
2.08273
1.75584
0
0.683657
2.34858
0.999912
0.812799
4.12585
4.44879
2.94163
2.94313
1.58603
0.667385
1.26975
2.81722
2.11608
2.48481
1.49351
0.808448
1.4822
0
0
3.68752
3.39957
1.24653
3.59304
4.17441
3.13277
3.49992
2.47503
1.68127
-0.738024
3.51381
3.76225
1.68353
2.14215
1.44054
2.81724
1.98066
0
6.89207
-1.09542
4.97181
1.35362
-1.02984
1.60496
3.80925
1.31176
1.50237
1.27782
-0.563904
2.73052
2.74097
3.21718
0
2.65442
1.6113
2.0196
2.53034
1.57408
0.97528
3.99345
3.20039
-0.620912
0.960447
0.840591
2.17885
-0.4197
1.29101
1.10508
4.14125
2.39865
1.32728
2.24817
3.31268
-0.77072
1.77115
2.7372
2.24364
0
3.64638
3.89717
3.48546
1.48794
1.48993
1.60456
4.62259
1.67822
1.39257
0.998059
1.3144
2.65435
2.0603
3.01792
4.09554
2.75905
5.08617
5.2852
5.73314
3.91049
4.29186
0
5.41522
3.38242
5.18004
3.54095
2.0734
2.00119
1.51099
1.11322
2.29205
1.4099
0.285703
1.98427
0.719701
2.88055
0
0
0
2.08369
1.9289
3.73834
-0.592371
2.4959
2.0606
4.17628
0
0
2.59525
2.73839
1.60073
0
3.83705
1.75508
4.6115
-0.818778
3.18428
2.7262
4.16563
4.97103
-0.71506
0.518697
2.59204
1.80161
4.95064
0.714602
1.9298
1.32353
1.71893
3.20205
0.998302
4.69259
2.21583
2.75566
1.45887
1.08314
0
3.22102
3.50241
3.19467
3.17674
3.16362
-0.586696
1.52157
3.07326
2.55412
2.41923
2.52517
4.09683
0
0
1.1358
2.60967
2.89296
1.52109
1.08289
-0.839793
1.22976
5.38778
4.49214
2.2612
-0.786087
1.99062
2.39262
1.43706
2.38004
2.52016
1.40701
1.90422
1.89686
0.533275
2.3561
1.81116
1.82458
4.42746
0
0
0
1.40296
4.18751
2.29207
1.23681
2.81175
1.71138
2.8105
1.39173
0.222146
0.641253
-0.617467
2.3772
1.12413
2.78473
1.19062
3.31766
4.16315
-0.821651
4.11729
-0.680388
4.5458
3.18766
1.05059
3.02004
4.83664
1.42442
1.85738
1.26586
1.76763
1.86027
4.79161
-0.819281
3.59295
4.2828
0
4.20987
1.9311
2.58534
-0.739871
2.085
3.09997
-0.74229
5.47832
3.40168
-0.827396
4.0762
5.04537
1.22642
1.54906
-0.885494
-0.712438
2.93196
3.94086
2.10589
4.24937
1.98869
2.24877
-0.846474
1.46954
-0.534582
2.60453
2.60499
3.23635
2.9407
3.88814
2.21001
4.33537
2.02649
0
0
0
3.57062
2.58859
2.34421
-0.845501
2.78722
2.25396
0
0
1.5284
2.96542
1.14925
3.2112
-1.01638
3.36464
1.68981
5.26786
0.94931
3.12392
0.831896
1.86524
2.07894
3.14339
3.26811
3.44081
2.92224
-0.774337
1.43647
1.96139
2.48919
4.18852
-0.614165
2.26319
1.52885
2.72664
1.66765
2.72188
1.55156
2.37141
2.37502
1.63162
0.875275
1.58048
1.99263
