2.18194
0
0.812081
1.30309
2.46689
1.87544
3.93848
1.6268
0
0.294998
0
3.03027
2.78074
0
1.19535
2.33555
0
3.29474
3.04511
3.57759
1.51202
0.980405
2.86384
3.87285
0
0.955582
1.15435
1.83009
0.796547
1.67311
2.37149
2.78071
-0.597389
0.914112
1.41332
1.16573
1.94204
1.41772
1.39843
2.34294
2.1962
3.08444
2.56687
3.75263
0.547834
0
-0.839402
4.40609
1.82056
2.15312
1.631
1.36547
2.16269
2.84848
0
2.45208
1.27644
2.05939
1.17175
0.883104
2.70216
2.03554
2.26989
-0.709124
3.78288
0.782945
1.51625
0
0
2.67423
4.58468
2.67527
1.72845
-0.596027
3.34212
3.67927
0.562284
-0.855914
2.64354
1.208
0.852756
1.61897
2.52672
-1.02024
1.80184
-0.913031
4.36933
3.93577
-0.866292
0
0
0
2.03295
2.08936
2.81927
0
3.34416
2.81651
-0.814542
1.51204
2.00439
1.30551
2.26147
1.02495
1.51793
1.59945
0.99641
0
2.97597
4.91067
-0.734582
4.08585
1.44383
1.95583
0.592405
0.408513
1.33278
0.836769
1.09606
2.05563
0
1.61998
0
2.10401
0.445875
1.52901
2.94817
1.23427
1.43402
3.88751
3.3165
1.44457
2.63718
1.52446
2.77028
2.33503
2.73357
-0.633035
-0.833211
1.13427
1.44101
-0.928948
2.73839
1.78136
-0.96767
1.20664
3.02021
0.781076
-0.721283
0
2.04007
2.62215
1.37012
-0.86328
1.16356
2.34584
1.63684
1.80811
1.49403
1.02763
0
0
3.48973
3.8603
3.28184
0
2.07135
-0.70643
1.59978
3.98796
-0.753321
2.69675
1.1703
2.83636
2.97705
3.10614
1.64489
1.66162
1.8672
1.84928
3.77712
3.89169
0
0
1.9332
0
1.60204
1.3809
0
-0.406701
2.09361
1.41735
0
2.2326
0
1.73231
4.09454
1.44604
1.91295
1.74561
2.76707
-0.716697
0
2.7768
0
0
1.51838
2.16122
1.22117
2.24487
-0.808665
0.829832
4.04082
-0.944515
1.99394
3.64863
4.67051
-0.78974
4.7784
2.34008
2.24107
3.46677
-0.703194
1.96448
3.26717
1.38105
0
-0.758951
-1.05254
2.72919
1.56195
3.95311
1.80561
3.11846
1.24236
3.4346
1.28355
0
1.25676
3.8916
1.88569
2.47345
-0.609546
-0.573433
0.492099
1.41115
1.29113
1.37227
0
-0.688387
1.18224
2.40776
0.751182
0
1.40169
2.28841
-0.480924
0
2.00367
2.81291
2.11863
1.21258
1.43911
2.64364
3.0637
0
1.96646
0
2.00657
0
0.956721
1.60862
2.01599
-0.65034
1.16175
1.1725
1.4335
1.67552
-0.753509
0.753511
1.97571
2.4344
1.69687
0
-0.857245
1.00653
0
1.80358
0
0.896745
1.76174
3.10402
0.741657
2.79053
2.48014
3.01835
3.86652
3.365
2.64765
4.48551
4.46333
1.48394
2.26389
3.15835
4.32545
-0.867287
2.77058
1.33067
1.53346
0
1.05994
0.723995
2.78765
0.862567
1.69216
0
1.24501
2.4312
3.06129
2.08851
0.730606
1.85594
2.10386
4.64887
1.26923
3.27601
2.49734
2.17765
1.36995
0.71741
1.76318
-0.541361
2.53456
1.5368
0
3.25761
1.84067
0.540749
2.06035
0.968548
1.11717
2.42254
-0.857057
5.35265
-0.881177
3.93846
2.64323
3.40405
3.08285
1.56952
-0.426699
-0.511387
1.56027
2.93673
1.56219
0.496376
-0.495124
0.956736
0.749892
2.61022
-0.775391
2.97915
-0.43621
2.13684
1.22739
2.77024
-0.703132
-0.997822
2.2749
-1.02888
2.27168
-0.759174
0.987357
2.66618
0.97432
-0.948414
1.46424
0.465556
-0.887329
3.74513
4.37012
3.82269
0
2.05543
0
0
1.73738
1.31388
2.00154
2.20548
0
2.16704
1.7887
1.94958
1.67227
1.54584
4.51597
0
0.975682
0
2.22272
1.95953
2.92288
0.760992
1.76786
1.11525
3.4817
0
4.01705
3.76992
3.15858
0
3.34677
2.15508
1.79674
2.54443
2.4607
3.22548
1.71679
1.42368
1.92347
0
0
0.991063
0
1.05838
2.17074
2.87462
-0.646654
1.20476
2.19262
0
0
1.19341
1.88056
2.00746
1.6842
0.469753
1.38718
1.87591
-0.667071
2.76397
-0.572981
2.49264
0.66395
1.58732
1.57473
-0.703436
1.76845
1.42109
0.939247
0
-0.789017
0.9056
-0.673556
1.9647
2.19299
0.58096
1.53132
-0.788921
3.63723
0.881455
0
-0.813652
2.06581
1.6888
1.17418
1.17566
2.15681
2.94918
3.16288
2.75082
2.07834
-0.811262
3.62336
-0.954998
2.8406
1.88243
1.81272
-1.09587
1.48158
-0.503156
1.99839
0.97867
0.505761
1.9888
2.29514
3.16187
1.01535
2.32044
1.52189
1.05762
2.59757
0
0
0
2.51748
2.39436
1.60452
-0.441133
0
3.65214
2.91414
3.38886
0.887511
1.703
3.3
0
2.72008
3.05319
4.32407
4.40862
2.29497
2.43806
2.90409
0.724294
1.94201
0
0
0
0.708286
2.77369
1.51842
1.62656
-1.00354
1.28504
4.02246
-1.01626
2.42031
-0.960162
-1.00783
2.75066
1.42053
1.50321
1.93288
1.05792
0.70212
0.426189
3.31396
0
1.33898
2.2497
1.17146
2.43478
2.10988
3.1552
1.01929
1.28709
2.95069
2.86255
1.88221
2.37602
1.60816
2.85752
2.34445
2.33744
1.30323
0.959355
-0.772271
2.15243
1.84096
0
0.509692
-0.560473
2.79035
2.10963
-0.674184
0
3.45396
3.3889
3.50072
1.58897
1.45881
3.11192
2.66744
0.76871
0.880841
0
-0.740942
3.36061
2.74394
2.72125
3.78172
3.88549
0.62709
1.7016
1.15334
-0.706834
2.2093
-0.751615
-0.962597
-0.60819
0.772209
3.94019
0
3.51088
0
0
0.571356
1.82708
1.91766
2.00254
2.46315
0
0
2.53234
3.84905
0
0
0
1.77761
0
2.05517
1.19044
1.87454
1.73237
1.4152
2.41934
2.69944
1.94924
3.0768
0.724995
2.787
1.78704
0
1.0425
0.941082
3.36147
2.61838
2.38281
0.664344
1.47911
2.40318
-0.388225
-0.29646
1.67374
2.07071
2.2963
-0.69116
5.53588
4.35561
2.81473
3.19623
2.36751
1.7396
3.39718
2.80787
1.68149
0.640848
-0.647389
1.4993
0.44199
1.0904
2.27964
1.38494
4.04264
2.98761
-0.93053
3.8585
2.70702
0
2.16381
2.41163
0.483042
0.503203
1.97094
0
0
0
2.27001
2.76453
0
0
0
0
-0.758318
1.41695
-0.81781
3.74063
1.6509
-0.617408
0.882138
1.62849
0
1.31131
2.70095
2.17371
0
2.09721
1.46073
2.58053
1.90004
1.27105
4.07958
1.28957
1.65097
4.23867
1.46774
1.438
2.645
1.91961
1.36721
2.39187
3.36895
2.47622
1.59464
0.741892
2.68719
-0.661222
1.2533
0.965089
2.86684
2.99472
-0.838679
1.049
3.31407
0.7952
1.07156
-0.571053
2.41323
1.36193
1.18311
-0.447023
2.37043
-0.755557
2.61245
1.97558
4.29945
0
0.569769
2.366
1.53787
3.92895
0
0
0
2.60519
1.52049
2.33663
1.6066
1.81759
3.61225
3.17916
3.19825
0.492985
0
1.36075
1.85536
2.58512
0
1.12917
3.76159
0.783204
2.28568
1.99079
-0.767607
-0.839274
3.33905
0.664841
1.19534
1.14396
2.02123
4.06216
0
1.75412
0.958446
1.48971
0.450569
-0.402457
0
-0.634637
1.45357
-0.319085
-0.610214
0.683406
2.24338
1.35892
2.99203
2.11827
0.855078
3.80387
2.75678
1.85169
1.38952
-1.04021
1.33688
2.27615
2.64355
0.755078
2.03175
-0.700859
1.15213
1.37466
-0.868549
1.69889
1.09124
0.454
0
1.09894
0
0.85069
0
1.95787
2.24998
2.39385
1.27589
0
3.38324
1.58433
3.11655
2.05022
1.02338
2.11291
-0.582966
2.49991
0
1.74223
0.888332
1.97105
1.31518
4.57343
3.13993
0
2.05721
2.65639
0
3.13914
4.58526
1.21877
-0.998628
1.22301
-0.408941
0
1.18256
0
2.24256
-0.761028
2.19322
2.87007
2.3458
0
3.02712
1.64358
2.8103
2.25625
2.135
-0.467729
-0.399815
0.361844
1.40403
2.90439
0.994194
1.75196
0
2.06542
1.86551
-0.675473
2.27426
4.2146
2.46434
1.18139
1.76543
2.03666
4.03416
2.62287
-0.814211
0.712058
-0.72158
0.747813
3.64348
1.67849
2.001
1.76967
4.45915
1.90294
4.215
0
2.89394
3.01392
-0.943322
1.21869
2.05302
0.730276
1.28222
1.33164
1.38591
0
0
3.63593
-0.603989
2.10047
1.08148
2.25086
0.748647
2.20723
1.25996
3.08039
2.36776
-0.5632
1.21479
0
0
0
3.51128
1.25006
2.07859
2.308
1.69234
1.89911
-0.589548
2.99674
2.29004
1.92566
1.18013
-0.654248
2.80813
3.19215
2.12005
3.59827
3.59159
2.0989
2.51257
3.31113
-0.803216
3.34844
2.29964
2.63261
2.28539
1.42077
2.30352
2.86668
1.37159
5.001
3.51346
0.836627
1.65128
-0.623821
3.69904
0
0
1.50446
1.50561
2.01892
-0.374075
1.78017
-0.706738
0.959893
-1.00531
0.899078
1.80678
1.37455
3.21453
-0.879279
3.83348
1.22256
2.25501
4.80578
2.43918
3.58984
0
0
0
2.34167
0
0
0
2.54936
2.08123
-0.762259
-0.710094
-0.939651
2.26789
3.5522
1.7028
1.96671
2.1105
0.55671
1.11733
-0.54289
-0.693461
-0.612429
3.45162
2.53979
3.00017
1.9357
2.53329
-0.7704
2.46803
1.7527
1.71371
2.10877
1.56091
1.46218
1.78416
1.25801
3.33902
1.88216
0
0
2.42157
0.985831
2.87475
3.47191
2.93562
3.82559
3.58988
4.49704
0.889021
0.87581
2.63492
0
1.78682
1.38537
3.92361
2.4185
1.89286
2.2682
1.14424
2.54118
2.07551
-0.81567
0.724721
1.59813
0
0.933473
2.10697
2.18615
4.82745
0
1.67813
2.28577
0.801961
0
0
0
0
0
1.64419
1.60777
-0.447186
2.30473
1.18135
1.42262
0
0
1.38238
4.11218
-0.318877
0.383445
2.3558
0.785912
0
0
0
0
0
0.927287
-0.432902
2.44604
0.353416
-0.71865
3.21407
-1.0351
3.7988
1.1686
2.8527
1.01664
0.551073
0
1.83256
1.73395
1.50499
0
0.600926
1.9204
0.80722
0.679902
3.34983
3.56815
2.60738
2.62907
1.24421
0.582129
1.20311
2.38622
1.68723
2.52026
1.38726
0.787441
1.17006
0
0
3.03136
2.90175
1.15215
3.54121
4.21269
2.88316
3.01785
1.89913
1.38131
-0.703847
2.9072
3.31675
1.33322
1.75894
1.1873
2.49479
1.53502
0
6.03148
-0.962734
4.10354
0.887859
-0.945965
1.21767
3.24176
1.19862
1.34305
1.09884
-0.386457
2.08252
2.12425
2.9173
0
1.95975
1.13626
1.54737
2.08291
1.24753
0.693036
3.28791
2.69792
-0.533306
0.736215
0.700014
1.63867
-0.446048
1.18381
0.916587
3.31649
1.97763
1.19597
2.0691
2.64337
-0.715744
1.39425
1.91715
1.80888
0
3.16088
3.21678
2.75725
1.17746
1.28573
1.33324
3.85127
1.19752
1.0785
0.758663
0.9854
2.10552
1.5278
2.55498
3.54615
2.34033
4.33653
4.2728
5.01728
3.4005
3.55076
0
4.42294
2.68143
4.24277
2.84399
1.74612
1.4905
1.25602
1.01444
2.00852
1.36341
0.208581
1.73731
0.747231
2.43556
0
0
0
1.83448
1.46053
3.26599
-0.698496
2.08256
1.62101
3.48671
0
0
2.39683
2.26715
1.39557
0
3.2906
1.41085
4.05541
-0.724293
2.69356
2.2565
3.41769
3.9498
-0.652116
0.473916
2.1068
1.55579
4.33672
0.804149
1.62455
1.16231
1.28076
2.53054
0.986053
3.977
1.80389
2.45813
1.20728
0.907972
0
2.96815
2.89088
2.8344
2.6732
2.47707
-0.536815
1.12488
2.31033
1.86621
1.93225
2.06273
3.49595
0
0
0.922187
2.09895
2.82169
1.22607
0.777945
-0.68025
0.967195
4.33645
3.78437
1.68981
-0.668612
1.57066
1.88664
1.35564
1.7893
2.13997
1.24904
1.7174
1.80352
0.523761
1.97287
1.37389
1.50246
3.83334
0
0
0
1.03129
3.42746
1.72289
1.07293
2.27725
1.49464
2.52334
1.22028
0.303101
0.664962
-0.613214
1.83693
0.738871
2.18637
0.983163
2.68261
3.04428
-0.821985
3.35344
-0.682354
3.94073
2.65889
0.934591
2.52211
4.11568
1.25947
1.45438
0.916346
1.52387
1.42876
4.13084
-0.792324
2.74638
3.53847
0
3.53386
1.49131
2.20724
-0.654179
1.63603
2.81367
-0.758378
4.79788
3.12174
-0.968829
3.55513
4.34637
1.10092
1.16166
-0.67618
-0.623711
2.08448
2.9686
1.70387
3.60671
1.65027
1.91543
-0.770041
0.984762
-0.479906
2.07381
2.07555
2.52893
2.52663
3.15244
1.81852
3.52143
1.91105
0
0
0
2.94345
2.00425
2.07364
-0.67614
2.1988
1.7158
0
0
1.35398
2.60928
1.05408
2.46339
-0.905134
2.83836
1.32628
4.10202
0.907528
2.50513
0.650948
1.47073
1.8013
2.70227
2.90319
3.43695
2.69553
-0.859714
1.52131
1.38353
1.8841
3.04721
-0.608956
1.76579
1.2668
2.44694
1.36489
2.23136
1.1169
1.76002
2.06334
1.43274
0.590653
1.30045
1.74621
