3.37549
5.1061
3.57674
3.57147
4.49226
3.39244
3.57674
2.46702
3.30263
3.51371
4.11325
3.57674
3.47861
3.33823
3.71205
3.57674
3.2801
3.25494
2.61912
2.91532
2.93114
3.0852
2.76038
3.13953
3.33357
3.57674
3.57674
4.93505
4.05854
3.26827
3.57674
4.02165
2.11561
3.52784
1.60307
3.18085
3.30265
4.32653
3.57674
3.47705
4.41544
3.89092
2.74039
4.08336
3.56716
3.57674
4.1043
3.36213
3.10461
4.39065
3.13169
3.57674
2.68175
3.77361
2.93339
2.78821
3.08042
3.77551
2.86675
3.57674
3.88697
4.90404
3.77465
2.68733
3.57674
3.32312
4.36884
3.20796
2.9407
3.90231
4.02834
3.99656
2.78942
4.16158
3.45743
4.25129
3.86361
3.95555
3.48587
3.94845
2.80511
3.17851
2.98414
2.78261
3.67451
3.57674
3.82433
3.57674
2.26257
4.27438
3.57674
4.01832
3.78465
2.6588
1.46419
3.96539
3.57674
3.57674
3.24134
1.68788
3.57674
2.48622
4.24288
2.45167
2.91066
4.13276
3.6233
4.41655
3.37076
3.39951
3.20783
2.83647
4.49601
3.67624
3.75348
3.25704
4.33429
3.57674
3.86618
2.44336
3.57674
3.33624
2.63887
4.25529
2.31074
3.57674
4.13378
3.57674
3.53363
3.08125
2.5374
3.53436
1.2623
4.55571
3.7975
3.7806
3.69257
1.32942
2.42051
3.38611
4.0912
3.78079
3.24829
1.11653
4.82433
4.24681
4.40615
3.57674
3.76697
2.59522
3.57674
3.29561
3.29426
2.89086
4.66028
3.57674
3.40926
3.6091
2.96047
3.44901
2.81032
3.57674
3.3917
4.07116
4.52143
2.28395
4.01577
3.69005
3.78501
3.63072
3.55013
3.09788
5.4012
4.36436
5.26831
3.3972
3.55879
3.57674
3.57674
3.11841
3.47934
2.77179
3.6632
3.00187
4.73694
4.37714
3.70738
3.06388
3.1652
3.57674
3.47896
2.35318
3.46996
3.04195
3.5824
2.8441
2.61557
2.60965
2.20448
3.19936
3.81282
3.20634
3.48634
4.42733
2.73396
3.78974
2.81033
3.90346
3.38344
2.89875
3.27338
3.46149
3.2846
3.59881
3.93288
3.32478
3.98922
3.69651
4.57989
2.72414
3.47635
3.63836
2.46208
3.57674
3.47714
3.03657
4.54829
3.34481
3.57674
0.922092
3.21955
3.03628
1.66575
3.2365
2.77268
3.51844
3.38088
3.04624
4.11204
3.91251
3.2196
3.29159
3.9374
3.4714
3.57674
3.64479
1.77063
3.51117
3.16296
3.09521
3.68756
4.60815
3.23198
3.19286
3.57674
2.45241
3.26593
3.75093
4.52854
3.57674
3.7508
3.72863
3.14308
4.20874
3.79207
4.64096
3.87398
3.74428
3.57674
3.57674
4.718
2.29464
3.80394
3.38487
3.3927
4.02547
4.45155
2.36738
3.21246
3.16683
3.57674
2.1373
3.08413
4.04737
4.49821
4.49992
3.1292
3.15962
3.03266
3.86258
3.7653
3.57674
4.42472
3.35425
2.1178
1.83314
3.94243
4.12167
3.57674
3.83959
2.46019
3.16652
3.44868
4.29279
3.32021
3.57674
2.87923
2.72808
3.81421
3.09871
3.91653
2.97928
3.90164
1.57945
4.3222
4.02033
2.74633
3.74576
3.67239
2.7824
2.98098
4.51881
3.70554
3.85197
3.47388
3.81087
3.41166
3.46833
2.71912
2.49306
3.6542
3.81251
2.52486
2.78782
3.0209
3.57674
2.20669
3.29681
3.55398
4.0036
4.01394
2.9667
3.57674
3.57674
2.89175
5.07457
3.17297
3.57674
3.72547
3.95469
3.748
4.18191
3.59466
4.70314
3.57674
3.49549
4.63856
3.17581
3.72441
3.68877
3.78257
2.41185
3.35861
2.74833
3.32432
3.39481
3.68525
3.34231
3.52843
3.57674
3.57674
3.35947
4.13441
2.9458
2.51324
3.63429
4.46731
2.54611
4.11264
3.75526
4.41512
3.42762
3.70623
4.04584
3.10734
1.94435
3.12753
3.57674
3.37458
3.57674
3.57674
4.48569
2.20468
2.26567
3.50939
3.76629
3.55348
3.86481
3.57674
3.60145
3.58609
3.47839
3.57674
3.57674
3.21244
2.2797
3.92916
4.71157
3.67272
2.61458
3.35692
2.5288
3.93176
5.0896
3.16999
4.41372
4.15907
3.63712
3.9457
3.56292
3.02286
4.30095
4.92886
5.31794
3.94652
3.57674
4.15714
3.31059
2.47719
3.6887
3.59429
3.57674
4.05383
3.27427
2.55251
4.21212
3.29909
4.14549
4.21109
2.59593
3.22249
3.71598
3.30491
2.89986
2.92812
3.31404
3.77101
4.02173
3.24789
4.81017
3.82959
3.66474
3.04782
3.49612
3.2832
3.48021
3.17906
2.48351
3.57674
2.40614
3.24397
2.91845
3.20349
3.92704
2.91441
2.31909
3.5348
3.79164
3.57674
3.49078
3.83383
2.91084
3.57674
2.60308
3.57674
3.57674
2.83406
4.94658
2.80809
3.2338
2.97424
4.61147
3.43942
3.23678
4.72511
3.57674
3.32585
3.46081
3.63562
3.42653
2.5145
1.71454
4.73899
3.52064
4.21365
3.95394
3.75263
3.19525
3.2284
3.09525
3.57674
3.57674
3.37466
3.57674
3.54117
3.57674
3.85972
4.15799
2.89034
4.11244
3.46125
4.04852
3.4949
4.07025
2.87629
2.82039
2.24733
3.80164
2.81024
2.17054
3.95468
4.04064
3.81629
3.79165
3.03777
3.80161
4.37192
3.28282
1.6767
3.81551
3.6315
3.83833
3.98013
1.67875
4.5545
4.44585
3.52281
3.06357
3.57674
2.86545
3.56605
3.73664
2.77427
4.36975
2.05104
4.26949
3.67794
1.92292
2.72538
3.05018
3.57674
3.84878
3.57674
2.60722
4.14971
3.97367
4.66526
3.83986
4.15019
3.816
2.94302
3.33715
3.46978
4.05916
1.88986
4.07088
3.73576
3.06837
4.69818
2.3643
3.87775
2.61786
3.77609
3.8101
4.01122
1.89965
2.78936
3.20784
3.72517
3.45423
3.57674
2.66131
4.64209
3.54622
2.8821
2.4588
3.45398
3.29142
3.57387
2.73483
3.28502
4.73053
3.20184
2.75008
2.62819
4.27198
3.90461
3.31535
3.86064
3.5987
3.05165
3.57674
2.63033
2.22879
3.79201
3.20996
3.97963
3.57674
4.47475
2.45293
4.45273
4.1776
3.38163
3.72558
0.799826
3.81609
4.57325
2.97633
3.41255
3.5767
3.76774
2.59599
3.18296
3.51732
3.8694
2.93394
3.4849
2.50846
3.57674
3.57485
1.99006
1.95399
3.97598
2.18735
2.95934
3.21942
4.04603
3.94185
4.40084
3.96406
4.15628
3.42399
1.71233
2.42435
3.57674
3.56922
3.9708
4.68595
4.25115
3.79494
3.57674
3.79704
3.88844
3.57674
2.05049
4.00416
2.90501
3.16336
3.57674
2.00537
3.57674
2.79739
4.90734
3.25728
4.43802
4.32913
1.9427
3.64161
3.56358
2.91091
2.703
4.20528
4.30172
2.45983
3.90081
4.50606
4.98093
1.63842
3.13603
1.31901
3.57674
3.78946
2.91799
4.85055
2.8472
3.82946
3.52906
3.17402
4.63279
4.01167
2.91625
2.38484
4.44777
2.72271
2.9385
3.57674
2.88711
3.59938
3.57674
2.81775
4.32482
4.09576
2.34905
4.96749
3.06714
2.59377
2.90195
4.08895
2.68923
4.15985
4.07554
3.30329
4.01993
3.91219
2.98602
3.39828
3.33086
4.44535
3.82495
3.67629
2.74991
4.01868
3.94416
3.64094
3.45562
4.1479
4.26857
3.28201
4.50642
4.48462
3.57674
3.22657
2.97681
2.48206
3.65898
3.77201
2.99804
4.14772
3.57674
4.57585
3.49788
3.40838
3.57674
2.75204
3.98621
2.91496
3.05629
3.05985
2.56693
3.2401
3.03029
2.95908
3.24938
2.51076
3.57674
3.14078
3.9225
3.2591
5.03001
3.53656
3.17091
3.57674
3.21471
3.57674
4.27378
3.99261
3.85683
3.57674
2.42782
4.15756
4.29981
3.57674
3.83834
3.74898
3.71802
3.64804
3.57674
4.93857
2.33473
4.28778
3.57674
4.60515
4.18198
3.06732
3.89562
4.41184
2.86945
3.99463
2.3988
4.21518
2.74975
4.14575
3.14458
4.19585
